124,2
124,1
124,0
123,5
123,4
123,3
123,2
123,1
123,0
122,4
122,3
122,2
122,1
122,0
121,4
121,3
121,2
121,1
121,0
120,5
120,4
120,3
120,2
120,1
120,0
119,4
119,3
119,2
119,1
119,0
118,3
118,2
118,1
118,0
114,3
114,2
114,1
114,0
113,3
113,2
113,1
113,0
112,3
112,2
112,1
112,0
94,4
94,3
94,2
94,1
94,0
86,4
86,3
86,2
86,1
86,0
4,3
4,2
4,1
4,0
3,6
3,5
3,4
3,3
3,2
3,1
3,0
2,9
2,8
2,7
2,6
2,5
2,4
2,3
2,2
2,1
2,0
1,3
192,12
192,5
1,2
1,1
1,0
0,438
0,432
0,425
192,10
192,4
0,422
0,420
0,413
0,409
0,401
0,400
0,393
0,386
0,385
188,4
188,1
0,384
0,381
0,374
0,373
0,322
0,243
188,3
188,0
192,1
192,13
192,3
0,447
192,0
0,9
0,310
0,305
0,308
0,304
0,303
0,302
0,307
0,12
0,446
0,10
0,8
0,0
0,417
0,300
0,389
0,299
0,431
0,298
0,430
0,297
0,346
0,296
0,326
0,295
0,414
0,294
0,343
0,293
0,325
0,292
0,411
0,291
0,434
0,290
0,323
0,289
0,408
0,288
0,407
0,287
0,340
0,286
0,406
0,285
0,405
0,284
0,404
0,283
0,370
0,282
0,433
0,281
0,402
0,280
0,279
0,341
0,278
0,398
0,277
0,364
124,3
124,4
125,0
125,1
125,3
125,4
126,1
126,3
126,4
127,1
127,2
127,4
128,0
128,1
128,3
128,4
128,6
128,7
129,1
129,3
129,4
129,6
129,7
129,9
129,11
129,12
130,0
130,1
130,3
130,4
149,1
149,3
149,4
175,1
175,2
176,0
176,2
176,3
177,1
177,2
181,0
181,1
181,3
182,1
182,2
182,4
183,0
183,2
183,4
183,5
184,1
184,2
184,4
185,1
185,2
185,4
186,0
186,2
186,3
186,5
187,1
187,2
187,4
187,5
189,0
189,2
189,3
190,0
190,1
190,3
190,4
191,0
191,2
191,3
191,5
191,6
192,2
192,7
192,8
192,11
193,0
193,2
193,3
194,0
194,3
194,1
193,4
193,1
192,9
192,6
191,7
191,4
191,1
190,5
190,2
189,4
189,1
188,2
187,3
187,0
186,4
186,1
185,3
185,0
184,3
184,0
183,3
183,1
182,3
182,0
181,2
177,3
177,0
176,1
175,3
175,0
149,2
149,0
130,2
129,13
129,10
129,8
129,5
129,2
129,0
128,5
128,2
127,5
127,3
127,0
126,2
126,0
125,2
124,5
0,276
0,337
0,275
0,428
0,274
0,379
0,273
0,272
0,338
0,271
0,392
0,270
0,391
0,269
0,445
0,268
0,427
0,267
0,353
0,266
0,388
0,265
0,387
0,264
0,263
0,262
0,306
0,261
0,426
0,260
0,367
0,259
0,382
0,258
0,257
0,330
0,256
0,443
0,255
0,339
0,254
0,437
0,253
0,377
0,252
0,383
0,251
0,442
0,250
0,444
0,249
0,369
0,248
0,333
0,247
0,372
0,246
0,371
0,245
0,399
0,244
0,327
0,242
0,380
0,241
0,312
0,240
0,336
0,239
0,366
0,238
0,421
0,237
0,419
0,236
0,363
0,235
0,362
0,234
0,436
0,233
0,361
0,232
0,365
0,231
0,359
0,230
0,315
0,229
0,357
0,228
0,356
0,227
0,328
0,226
0,355
0,225
0,354
0,224
0,440
0,223
0,332
0,222
0,435
0,221
0,376
0,220
0,350
0,219
0,349
0,218
0,348
0,217
0,347
0,216
0,441
0,215
0,423
0,214
0,345
0,213
0,344
0,212
0,309
0,211
0,368
0,210
0,416
0,209
0,396
0,208
0,313
0,207
0,378
0,206
0,403
0,205
0,439
0,204
0,351
0,203
0,321
0,202
0,335
0,201
0,334
0,200
0,397
0,199
0,198
0,331
0,197
0,429
0,196
0,360
0,195
0,329
0,194
0,342
0,193
0,395
0,192
0,424
0,63
0,394
0,62
0,415
0,61
0,324
0,60
0,412
0,59
0,375
0,58
0,320
0,57
0,319
0,56
0,418
0,55
0,318
0,54
0,317
0,53
0,316
0,52
0,358
0,51
0,314
0,50
0,352
0,49
0,410
0,48
0,311
0,47
0,390
0,46
0,45
0,301
0,6
0,5
0,1
0,11
0,4
0,2
0,3
0,7
